# yamllint disable
end-of-epoch: true
error: 0.08083140850067139
loss: 0.30264467978850007
unixtime: 1706535436.2545562
