# yamllint disable
end-of-epoch: true
error: 0.0939597338438034
loss: 0.385697230356623
unixtime: 1706556323.2424521
