# yamllint disable
end-of-epoch: true
error: 0.06697459518909454
loss: 0.3037876578746364
unixtime: 1706534782.8926544
