# yamllint disable
end-of-epoch: true
error: 0.09815950691699982
loss: 0.5226029448888518
unixtime: 1706520497.4375072
