# yamllint disable
end-of-epoch: true
error: 0.07621247321367264
loss: 0.3235384376838024
unixtime: 1709142597.2954993
