# yamllint disable
end-of-epoch: true
error: 0.07361963391304016
loss: 0.27423783307048405
unixtime: 1709164789.0773919
